0
27
28
21
0
36
19
35
29
12
21
30
2
1
11
22
8
22
6
35
31
6
15
8
4
24
26
18
1
18
1
18
8
36
12
17
20
27
25
15
27
31
35
36
30
20
17
16
32
32
4
18
31
20
29
26
21
33
30
4
23
19
1
24
1
23
23
7
28
3
3
25
20
34
21
26
5
23
2
9
8
18
11
22
26
29
17
7
16
16
8
30
13
8
28
31
5
5
8
28
9
0
18
25
6
25
3
31
25
24
6
20
21
24
22
33
11
16
30
24
5
10
15
19
12
3
19
24
31
17
31
21
23
2
8
26
7
22
22
22
13
15
3
7
36
15
21
18
15
19
35
19
11
12
5
11
1
10
10
34
20
29
13
9
15
33
19
28
26
2
35
36
20
36
6
32
11
31
32
20
9
16
5
23
2
26
8
26
27
4
29
31
30
9
24
21
26
29
16
20
12
14
16
33
34
16
36
32
30
3
19
26
25
8
10
6
1
19
35
10
34
19
27
14
10
9
25
0
26
10
26
4
14
1
17
24
16
25
29
1
30
0
27
0
15
26
10
31
3
4
0
19
18
30
15
16
14
0
4
32
24
3
9
11
18
33
18
35
15
3
1
3
24
14
10
12
17
35
27
12
19
0
0
32
24
18
36
18
24
26
14
5
31
9
16
16
26
20
33
35
23
18
29
27
13
30
6
27
22
35
29
2
27
17
12
35
27
18
3
17
14
29
24
0
26
17
31
8
17
29
7
17
17
12
9
16
18
14
35
35
7
17
28
24
3
17
8
11
27
29
36
7
4
3
34
18
31
33
17
33
9
5
5
27
23
2
34
9
19
33
17
33
8
35
28
6
1
2
29
9
32
10
1
2
21
32
23
9
9
5
12
24
29
35
10
2
16
0
34
10
21
14
11
23
19
5
6
1
3
18
10
15
3
29
10
34
33
31
29
7
17
32
13
31
27
31
11
11
27
32
5
9
36
26
21
1
13
12
29
23
22
17
0
5
4
17
24
5
17
7
28
4
20
23
8
17
13
22
25
2
17
26
10
9
20
8
11
8
36
7
26
18
8
9
13
31
32
0
0
24
35
11
34
24
8
5
30
35
29
9
10
4
33
36
23
36
31
23
17
0
32
10
26
14
12
23
26
12
1
20
6
16
2
10
33
12
4
29
29
30
24
6
13
20
15
35
24
27
24
23
36
24
10
9
21
17
11
24
15
30
3
21
31
25
12
34
19
1
27
2
1
34
13
19
15
7
13
24
21
15
32
18
33
17
4
4
12
24
3
10
0
28
23
34
34
13
28
36
10
30
19
14
22
34
0
10
2
30
9
23
5
14
30
26
34
12
1
6
17
36
14
5
29
25
20
0
5
27
9
28
12
2
4
0
11
27
27
23
29
22
2
35
27
30
12
3
28
5
5
8
29
0
15
13
25
10
3
34
24
28
0
27
0
0
16
16
12
4
10
27
3
29
1
36
5
22
14
22
5
11
25
32
16
20
11
1
29
13
30
7
36
3
35
16
20
35
5
13
9
4
10
23
35
5
0
35
34
7
13
30
23
3
27
10
25
35
29
19
35
14
33
29
34
28
13
28
16
35
35
11
20
11
22
30
15
17
34
23
25
13
11
36
23
25
28
12
7
14
15
26
15
4
32
35
8
36
23
17
1
24
29
0
5
32
32
8
20
1
36
7
6
8
1
9
16
15
12
28
9
0
22
22
15
21
31
1
2
36
4
25
27
5
22
3
22
27
31
33
26
31
33
3
3
22
12
8
12
29
8
10
20
3
24
20
17
25
14
30
23
32
8
4
24
31
12
31
19
9
29
24
4
25
29
31
0
3
27
27
10
17
18
10
5
16
7
12
35
20
1
5
10
34
8
26
18
15
19
35
21
2
23
23
31
